169.596896297126  54.3320616433051  39.9544230761017  1.1104378270118  -3.40983324049371  2.97864914154475
54.3320616433051  169.106147071162  47.4531703863228  4.08391008927513  -11.4312451226926  -2.00075810156048
39.9544230761017  47.4531703863228  113.844377992998  2.36066527146082  0.817520481484192  2.02415850522314
1.1104378270118  4.08391008927513  2.36066527146082  42.0401746759495  -0.0901736728788728  -4.6760445350325
-3.40983324049371  -11.4312451226926  0.817520481484192  -0.0901736728788728  29.5036548020457  5.43348027240754
2.97864914154475  -2.00075810156048  2.02415850522314  -4.6760445350325  5.43348027240754  51.6066973945991
